dx:      1
dy:      1
Cx:      210.175572890702
Cy:      172.4947393462
Sx:      1.45406467199867
 f:      370.563002262389
 k:      -4.62731682869329E-07
Tx:      -0.953065962578116
Ty:      3.21975159190337
Tz:      12.9202111613076
r1:      0.0884361786518856
r2:      -0.99544969555777
r3:      0.0354816279135344
r4:      0.354191838319953
r5:      0.064719763536122
r6:      0.932930594350598
r7:      -0.930981838691273
r8:      -0.0699375136945201
r9:      0.358303726195032
