dx:      1
dy:      1
Cx:      183.695503946226
Cy:      353.570288579439
Sx:      1
 f:      434.293290791448
 k:      -5.23653745607143E-07
Tx:      -1.7273754064999
Ty:      0.334180324201171
Tz:      5.06126971023748
r1:      0.984913004689169
r2:      0.172850013531437
r3:      -0.00832141912984556
r4:      -0.105046398687897
r5:      0.635392155072974
r6:      0.765011152464083
r7:      0.137519552489295
r8:      -0.752595297682562
r9:      0.643963268043481
